0.0	0.0	1.01	0.0	0.0	2.96	0.0	2.43	0.0	0.0	1.57	0.0	2.48	0.0	0.0	2.8	0.0	0.0	0.63	1.1	0.0	0.0	0.09	0.0	0.0	4.14	0.0	3.03	0.0	0.0	2.0	3.65	2.87	0.0	2.16	0.0	0.0	0.0	0.0	2.66	3.25	0.0	3.75	0.39	0.0	4.27	3.66	0.0	0.0	0.0	0.0	2.19	0.0	0.0	0.0	0.0	0.0	3.46	0.0	0.0	3.22	0.0	0.0	0.0	0.0	0.0	5.51	0.0	0.0	0.0	0.0	0.4	0.0	0.0	0.0	0.0	6.29	0.0	0.0	0.0	0.0	0.0	0.0	9.06	0.0	0.0	0.0	0.18	0.0
0.0	0.0	0.93	0.0	0.0	2.69	0.0	2.21	0.0	0.0	1.47	0.0	2.33	0.0	0.0	2.6	0.0	0.0	0.64	1.16	0.0	0.0	0.08	0.0	0.0	4.06	0.0	2.92	0.0	0.0	2.0	3.68	2.76	0.0	2.38	0.0	0.0	0.0	0.0	2.82	3.27	0.0	3.97	0.36	0.0	3.81	3.28	0.0	0.0	0.0	0.0	2.26	0.0	0.0	0.0	0.0	0.0	3.42	0.0	0.0	3.25	0.0	0.0	0.0	0.0	0.0	5.02	0.0	0.0	0.0	0.0	0.38	0.0	0.0	0.0	0.0	6.07	0.0	0.0	0.0	0.0	0.0	0.0	8.78	0.0	0.0	0.0	0.18	0.0
0.0	0.0	0.92	0.0	0.0	2.82	0.0	2.43	0.0	0.0	1.5	0.0	2.49	0.0	0.0	2.51	0.0	0.0	0.64	0.99	0.0	0.0	0.08	0.0	0.0	4.04	0.0	3.09	0.0	0.0	1.91	3.33	2.86	0.0	2.03	0.0	0.0	0.0	0.0	2.88	3.05	0.0	3.52	0.34	0.0	3.87	3.32	0.0	0.0	0.0	0.0	2.23	0.0	0.0	0.0	0.0	0.0	3.21	0.0	0.0	2.94	0.0	0.0	0.0	0.0	0.0	4.87	0.0	0.0	0.0	0.0	0.39	0.0	0.0	0.0	0.0	5.72	0.0	0.0	0.0	0.0	0.0	0.0	8.54	0.0	0.0	0.0	0.18	0.0
0.0	0.0	0.82	0.0	0.0	2.99	0.0	2.43	0.0	0.0	1.33	0.0	2.17	0.0	0.0	2.46	0.0	0.0	0.6	1.12	0.0	0.0	0.08	0.0	0.0	3.64	0.0	2.83	0.0	0.0	1.9	3.44	2.83	0.0	2.12	0.0	0.0	0.0	0.0	2.94	3.06	0.0	3.94	0.33	0.0	3.85	2.84	0.0	0.0	0.0	0.0	2.02	0.0	0.0	0.0	0.0	0.0	2.94	0.0	0.0	3.0	0.0	0.0	0.0	0.0	0.0	4.75	0.0	0.0	0.0	0.0	0.39	0.0	0.0	0.0	0.0	6.42	0.0	0.0	0.0	0.0	0.0	0.0	8.07	0.0	0.0	0.0	0.17	0.0
0.0	0.0	0.97	0.0	0.0	2.78	0.0	2.29	0.0	0.0	1.27	0.0	2.23	0.0	0.0	2.42	0.0	0.0	0.61	1.13	0.0	0.0	0.09	0.0	0.0	4.08	0.0	2.75	0.0	0.0	2.02	3.27	2.72	0.0	2.13	0.0	0.0	0.0	0.0	2.65	3.01	0.0	3.61	0.33	0.0	3.37	3.36	0.0	0.0	0.0	0.0	1.88	0.0	0.0	0.0	0.0	0.0	3.53	0.0	0.0	3.08	0.0	0.0	0.0	0.0	0.0	5.01	0.0	0.0	0.0	0.0	0.39	0.0	0.0	0.0	0.0	5.74	0.0	0.0	0.0	0.0	0.0	0.0	8.96	0.0	0.0	0.0	0.16	0.0
0.0	0.0	0.93	0.0	0.0	2.52	0.0	2.33	0.0	0.0	1.32	0.0	2.29	0.0	0.0	2.54	0.0	0.0	0.54	1.04	0.0	0.0	0.08	0.0	0.0	3.82	0.0	2.85	0.0	0.0	2.0	3.44	2.72	0.0	2.18	0.0	0.0	0.0	0.0	2.85	3.11	0.0	3.66	0.35	0.0	3.7	3.27	0.0	0.0	0.0	0.0	2.0	0.0	0.0	0.0	0.0	0.0	3.36	0.0	0.0	2.96	0.0	0.0	0.0	0.0	0.0	4.95	0.0	0.0	0.0	0.0	0.39	0.0	0.0	0.0	0.0	6.06	0.0	0.0	0.0	0.0	0.0	0.0	8.92	0.0	0.0	0.0	0.17	0.0
0.0	0.0	0.97	0.0	0.0	2.76	0.0	2.23	0.0	0.0	1.43	0.0	2.25	0.0	0.0	2.43	0.0	0.0	0.64	1.05	0.0	0.0	0.08	0.0	0.0	4.0	0.0	2.97	0.0	0.0	1.93	3.57	2.81	0.0	2.01	0.0	0.0	0.0	0.0	2.86	3.01	0.0	3.61	0.34	0.0	4.12	3.35	0.0	0.0	0.0	0.0	2.06	0.0	0.0	0.0	0.0	0.0	3.02	0.0	0.0	3.06	0.0	0.0	0.0	0.0	0.0	5.18	0.0	0.0	0.0	0.0	0.37	0.0	0.0	0.0	0.0	5.97	0.0	0.0	0.0	0.0	0.0	0.0	9.07	0.0	0.0	0.0	0.17	0.0
0.0	0.0	0.97	0.0	0.0	2.9	0.0	2.17	0.0	0.0	1.48	0.0	2.2	0.0	0.0	2.55	0.0	0.0	0.59	1.17	0.0	0.0	0.08	0.0	0.0	4.15	0.0	3.06	0.0	0.0	2.04	3.49	2.87	0.0	2.36	0.0	0.0	0.0	0.0	2.76	3.41	0.0	4.03	0.37	0.0	4.17	3.4	0.0	0.0	0.0	0.0	2.29	0.0	0.0	0.0	0.0	0.0	3.39	0.0	0.0	3.21	0.0	0.0	0.0	0.0	0.0	5.06	0.0	0.0	0.0	0.0	0.4	0.0	0.0	0.0	0.0	5.91	0.0	0.0	0.0	0.0	0.0	0.0	8.81	0.0	0.0	0.0	0.18	0.0
0.0	0.0	0.96	0.0	0.0	2.98	0.0	2.39	0.0	0.0	1.51	0.0	2.41	0.0	0.0	2.84	0.0	0.0	0.63	1.17	0.0	0.0	0.08	0.0	0.0	3.86	0.0	2.95	0.0	0.0	2.29	3.52	2.81	0.0	2.42	0.0	0.0	0.0	0.0	3.03	3.32	0.0	3.72	0.41	0.0	4.17	3.64	0.0	0.0	0.0	0.0	2.27	0.0	0.0	0.0	0.0	0.0	3.34	0.0	0.0	3.39	0.0	0.0	0.0	0.0	0.0	5.44	0.0	0.0	0.0	0.0	0.39	0.0	0.0	0.0	0.0	6.27	0.0	0.0	0.0	0.0	0.0	0.0	9.38	0.0	0.0	0.0	0.18	0.0
0.0	0.0	1.06	0.0	0.0	2.98	0.0	2.47	0.0	0.0	1.62	0.0	2.57	0.0	0.0	2.96	0.0	0.0	0.65	1.18	0.0	0.0	0.09	0.0	0.0	4.4	0.0	3.06	0.0	0.0	2.08	3.59	3.0	0.0	2.23	0.0	0.0	0.0	0.0	2.88	3.54	0.0	4.05	0.38	0.0	4.28	3.47	0.0	0.0	0.0	0.0	2.33	0.0	0.0	0.0	0.0	0.0	3.64	0.0	0.0	3.4	0.0	0.0	0.0	0.0	0.0	5.64	0.0	0.0	0.0	0.0	0.39	0.0	0.0	0.0	0.0	6.72	0.0	0.0	0.0	0.0	0.0	0.0	9.9	0.0	0.0	0.0	0.2	0.0
0.0	0.0	1.01	0.0	0.0	2.82	0.0	2.51	0.0	0.0	1.55	0.0	2.51	0.0	0.0	2.74	0.0	0.0	0.65	1.16	0.0	0.0	0.09	0.0	0.0	4.27	0.0	3.43	0.0	0.0	2.15	3.61	2.86	0.0	2.4	0.0	0.0	0.0	0.0	3.14	3.67	0.0	4.05	0.38	0.0	4.45	3.37	0.0	0.0	0.0	0.0	2.27	0.0	0.0	0.0	0.0	0.0	3.58	0.0	0.0	3.19	0.0	0.0	0.0	0.0	0.0	5.13	0.0	0.0	0.0	0.0	0.41	0.0	0.0	0.0	0.0	6.63	0.0	0.0	0.0	0.0	0.0	0.0	9.93	0.0	0.0	0.0	0.16	0.0
0.0	0.0	0.91	0.0	0.0	2.93	0.0	2.32	0.0	0.0	1.55	0.0	2.44	0.0	0.0	2.53	0.0	0.0	0.66	1.17	0.0	0.0	0.09	0.0	0.0	4.33	0.0	3.3	0.0	0.0	2.09	4.07	3.12	0.0	2.19	0.0	0.0	0.0	0.0	2.91	3.52	0.0	3.82	0.37	0.0	4.11	3.69	0.0	0.0	0.0	0.0	2.01	0.0	0.0	0.0	0.0	0.0	3.32	0.0	0.0	3.36	0.0	0.0	0.0	0.0	0.0	5.61	0.0	0.0	0.0	0.0	0.39	0.0	0.0	0.0	0.0	6.64	0.0	0.0	0.0	0.0	0.0	0.0	9.08	0.0	0.0	0.0	0.18	0.0
0.0	0.0	0.99	0.0	0.0	3.19	0.0	2.65	0.0	0.0	1.41	0.0	2.33	0.0	0.0	2.91	0.0	0.0	0.65	1.15	0.0	0.0	0.08	0.0	0.0	3.86	0.0	2.98	0.0	0.0	2.18	3.33	2.95	0.0	2.15	0.0	0.0	0.0	0.0	2.67	3.45	0.0	3.37	0.34	0.0	3.9	3.51	0.0	0.0	0.0	0.0	2.46	0.0	0.0	0.0	0.0	0.0	3.5	0.0	0.0	3.39	0.0	0.0	0.0	0.0	0.0	5.44	0.0	0.0	0.0	0.0	0.38	0.0	0.0	0.0	0.0	6.19	0.0	0.0	0.0	0.0	0.0	0.0	9.11	0.0	0.0	0.0	0.18	0.0
0.0	0.0	0.91	0.0	0.0	2.78	0.0	2.44	0.0	0.0	1.48	0.0	2.51	0.0	0.0	2.62	0.0	0.0	0.61	1.15	0.0	0.0	0.08	0.0	0.0	3.9	0.0	2.9	0.0	0.0	1.92	3.7	2.88	0.0	2.16	0.0	0.0	0.0	0.0	2.97	3.11	0.0	4.1	0.36	0.0	4.49	3.42	0.0	0.0	0.0	0.0	2.18	0.0	0.0	0.0	0.0	0.0	3.57	0.0	0.0	3.32	0.0	0.0	0.0	0.0	0.0	5.47	0.0	0.0	0.0	0.0	0.44	0.0	0.0	0.0	0.0	6.29	0.0	0.0	0.0	0.0	0.0	0.0	8.73	0.0	0.0	0.0	0.2	0.0
0.0	0.0	0.93	0.0	0.0	2.99	0.0	2.33	0.0	0.0	1.53	0.0	2.44	0.0	0.0	2.64	0.0	0.0	0.66	1.25	0.0	0.0	0.09	0.0	0.0	3.65	0.0	2.71	0.0	0.0	2.04	3.42	2.91	0.0	2.31	0.0	0.0	0.0	0.0	3.01	3.48	0.0	3.61	0.36	0.0	4.39	3.44	0.0	0.0	0.0	0.0	2.46	0.0	0.0	0.0	0.0	0.0	3.43	0.0	0.0	3.06	0.0	0.0	0.0	0.0	0.0	4.87	0.0	0.0	0.0	0.0	0.43	0.0	0.0	0.0	0.0	6.82	0.0	0.0	0.0	0.0	0.0	0.0	9.54	0.0	0.0	0.0	0.19	0.0
0.0	0.0	0.94	0.0	0.0	2.89	0.0	2.53	0.0	0.0	1.41	0.0	2.0	0.0	0.0	2.49	0.0	0.0	0.59	1.21	0.0	0.0	0.09	0.0	0.0	4.07	0.0	3.04	0.0	0.0	1.91	3.49	2.73	0.0	2.34	0.0	0.0	0.0	0.0	2.86	3.1	0.0	3.8	0.37	0.0	3.71	3.25	0.0	0.0	0.0	0.0	2.16	0.0	0.0	0.0	0.0	0.0	3.26	0.0	0.0	3.29	0.0	0.0	0.0	0.0	0.0	5.43	0.0	0.0	0.0	0.0	0.38	0.0	0.0	0.0	0.0	5.79	0.0	0.0	0.0	0.0	0.0	0.0	9.42	0.0	0.0	0.0	0.2	0.0
0.0	0.0	0.95	0.0	0.0	2.81	0.0	2.31	0.0	0.0	1.5	0.0	2.24	0.0	0.0	2.77	0.0	0.0	0.61	1.19	0.0	0.0	0.09	0.0	0.0	3.94	0.0	2.86	0.0	0.0	1.95	3.4	2.7	0.0	2.11	0.0	0.0	0.0	0.0	2.96	3.41	0.0	3.5	0.39	0.0	4.0	3.26	0.0	0.0	0.0	0.0	2.31	0.0	0.0	0.0	0.0	0.0	3.3	0.0	0.0	3.05	0.0	0.0	0.0	0.0	0.0	5.06	0.0	0.0	0.0	0.0	0.39	0.0	0.0	0.0	0.0	5.53	0.0	0.0	0.0	0.0	0.0	0.0	9.09	0.0	0.0	0.0	0.19	0.0
0.0	0.0	0.95	0.0	0.0	2.8	0.0	2.52	0.0	0.0	1.43	0.0	2.3	0.0	0.0	2.68	0.0	0.0	0.61	1.07	0.0	0.0	0.08	0.0	0.0	3.93	0.0	2.92	0.0	0.0	1.93	3.69	3.1	0.0	2.17	0.0	0.0	0.0	0.0	2.87	3.52	0.0	3.98	0.37	0.0	4.03	3.5	0.0	0.0	0.0	0.0	2.38	0.0	0.0	0.0	0.0	0.0	3.81	0.0	0.0	2.95	0.0	0.0	0.0	0.0	0.0	5.04	0.0	0.0	0.0	0.0	0.35	0.0	0.0	0.0	0.0	6.47	0.0	0.0	0.0	0.0	0.0	0.0	8.84	0.0	0.0	0.0	0.18	0.0
0.0	0.0	0.98	0.0	0.0	2.99	0.0	2.56	0.0	0.0	1.54	0.0	2.54	0.0	0.0	3.11	0.0	0.0	0.69	1.22	0.0	0.0	0.08	0.0	0.0	4.31	0.0	2.94	0.0	0.0	2.35	3.68	3.05	0.0	2.4	0.0	0.0	0.0	0.0	3.05	3.52	0.0	3.94	0.41	0.0	4.33	3.52	0.0	0.0	0.0	0.0	2.29	0.0	0.0	0.0	0.0	0.0	3.63	0.0	0.0	3.32	0.0	0.0	0.0	0.0	0.0	5.62	0.0	0.0	0.0	0.0	0.4	0.0	0.0	0.0	0.0	6.24	0.0	0.0	0.0	0.0	0.0	0.0	8.77	0.0	0.0	0.0	0.19	0.0
0.0	0.0	1.08	0.0	0.0	3.04	0.0	2.79	0.0	0.0	1.65	0.0	2.52	0.0	0.0	2.77	0.0	0.0	0.62	1.31	0.0	0.0	0.09	0.0	0.0	4.12	0.0	3.08	0.0	0.0	2.07	3.63	3.12	0.0	2.52	0.0	0.0	0.0	0.0	3.42	3.9	0.0	4.47	0.39	0.0	4.5	3.9	0.0	0.0	0.0	0.0	2.61	0.0	0.0	0.0	0.0	0.0	3.81	0.0	0.0	3.19	0.0	0.0	0.0	0.0	0.0	5.6	0.0	0.0	0.0	0.0	0.44	0.0	0.0	0.0	0.0	7.02	0.0	0.0	0.0	0.0	0.0	0.0	9.82	0.0	0.0	0.0	0.2	0.0
0.0	0.0	0.99	0.0	0.0	3.1	0.0	2.68	0.0	0.0	1.57	0.0	2.72	0.0	0.0	3.06	0.0	0.0	0.72	1.25	0.0	0.0	0.09	0.0	0.0	4.7	0.0	3.54	0.0	0.0	2.2	4.02	3.27	0.0	2.36	0.0	0.0	0.0	0.0	3.37	3.87	0.0	4.05	0.4	0.0	4.15	3.71	0.0	0.0	0.0	0.0	2.27	0.0	0.0	0.0	0.0	0.0	3.69	0.0	0.0	3.55	0.0	0.0	0.0	0.0	0.0	5.46	0.0	0.0	0.0	0.0	0.43	0.0	0.0	0.0	0.0	7.2	0.0	0.0	0.0	0.0	0.0	0.0	10.32	0.0	0.0	0.0	0.2	0.0
0.0	0.0	1.11	0.0	0.0	3.31	0.0	2.59	0.0	0.0	1.62	0.0	2.71	0.0	0.0	2.95	0.0	0.0	0.7	1.18	0.0	0.0	0.1	0.0	0.0	4.45	0.0	3.29	0.0	0.0	2.08	4.11	3.17	0.0	2.57	0.0	0.0	0.0	0.0	3.14	3.6	0.0	4.82	0.4	0.0	4.39	3.97	0.0	0.0	0.0	0.0	2.47	0.0	0.0	0.0	0.0	0.0	3.86	0.0	0.0	3.82	0.0	0.0	0.0	0.0	0.0	5.38	0.0	0.0	0.0	0.0	0.44	0.0	0.0	0.0	0.0	6.88	0.0	0.0	0.0	0.0	0.0	0.0	9.78	0.0	0.0	0.0	0.2	0.0
0.0	0.0	1.05	0.0	0.0	3.12	0.0	2.73	0.0	0.0	1.47	0.0	2.61	0.0	0.0	2.97	0.0	0.0	0.68	1.23	0.0	0.0	0.09	0.0	0.0	4.2	0.0	3.28	0.0	0.0	2.18	3.51	3.13	0.0	2.6	0.0	0.0	0.0	0.0	3.12	3.86	0.0	4.66	0.4	0.0	4.69	3.68	0.0	0.0	0.0	0.0	2.42	0.0	0.0	0.0	0.0	0.0	3.76	0.0	0.0	3.58	0.0	0.0	0.0	0.0	0.0	5.56	0.0	0.0	0.0	0.0	0.47	0.0	0.0	0.0	0.0	6.74	0.0	0.0	0.0	0.0	0.0	0.0	10.07	0.0	0.0	0.0	0.19	0.0
0.0	0.0	1.01	0.0	0.0	2.95	0.0	2.27	0.0	0.0	1.64	0.0	2.59	0.0	0.0	2.72	0.0	0.0	0.63	1.27	0.0	0.0	0.09	0.0	0.0	4.57	0.0	3.11	0.0	0.0	2.14	4.24	3.2	0.0	2.45	0.0	0.0	0.0	0.0	3.18	3.73	0.0	4.01	0.4	0.0	4.42	3.71	0.0	0.0	0.0	0.0	2.27	0.0	0.0	0.0	0.0	0.0	3.84	0.0	0.0	3.44	0.0	0.0	0.0	0.0	0.0	5.66	0.0	0.0	0.0	0.0	0.42	0.0	0.0	0.0	0.0	6.66	0.0	0.0	0.0	0.0	0.0	0.0	9.58	0.0	0.0	0.0	0.2	0.0
