0.0	0.0	0.97	0.0	0.0	2.96	0.0	2.57	0.0	0.0	1.49	0.0	2.31	0.0	0.0	2.93	0.0	0.0	0.72	1.16	0.0	0.0	0.08	0.0	0.0	3.91	0.0	3.26	0.0	0.0	1.95	3.7	2.86	0.0	2.29	0.0	0.0	0.0	0.0	3.07	3.27	0.0	3.81	0.37	0.0	4.27	3.79	0.0	0.0	0.0	0.0	2.5	0.0	0.0	0.0	0.0	0.0	3.54	0.0	0.0	3.34	0.0	0.0	0.0	0.0	0.0	5.97	0.0	0.0	0.0	0.0	0.38	0.0	0.0	0.0	0.0	6.71	0.0	0.0	0.0	0.0	0.0	0.0	8.58	0.0	0.0	0.0	0.17	0.0
0.0	0.0	0.96	0.0	0.0	2.8	0.0	2.43	0.0	0.0	1.53	0.0	2.46	0.0	0.0	2.86	0.0	0.0	0.59	1.19	0.0	0.0	0.09	0.0	0.0	4.15	0.0	3.06	0.0	0.0	1.78	3.33	2.78	0.0	2.17	0.0	0.0	0.0	0.0	2.92	3.29	0.0	3.9	0.36	0.0	3.92	3.38	0.0	0.0	0.0	0.0	2.34	0.0	0.0	0.0	0.0	0.0	3.36	0.0	0.0	3.19	0.0	0.0	0.0	0.0	0.0	4.91	0.0	0.0	0.0	0.0	0.4	0.0	0.0	0.0	0.0	5.71	0.0	0.0	0.0	0.0	0.0	0.0	8.79	0.0	0.0	0.0	0.18	0.0
0.0	0.0	0.92	0.0	0.0	2.83	0.0	2.42	0.0	0.0	1.52	0.0	2.32	0.0	0.0	2.56	0.0	0.0	0.58	1.18	0.0	0.0	0.08	0.0	0.0	3.99	0.0	2.94	0.0	0.0	1.95	3.49	2.52	0.0	2.19	0.0	0.0	0.0	0.0	3.0	3.27	0.0	3.68	0.35	0.0	4.09	3.51	0.0	0.0	0.0	0.0	2.15	0.0	0.0	0.0	0.0	0.0	3.38	0.0	0.0	2.95	0.0	0.0	0.0	0.0	0.0	5.59	0.0	0.0	0.0	0.0	0.38	0.0	0.0	0.0	0.0	6.2	0.0	0.0	0.0	0.0	0.0	0.0	8.6	0.0	0.0	0.0	0.16	0.0
0.0	0.0	0.94	0.0	0.0	2.86	0.0	2.34	0.0	0.0	1.35	0.0	2.36	0.0	0.0	2.81	0.0	0.0	0.58	1.24	0.0	0.0	0.08	0.0	0.0	3.59	0.0	2.76	0.0	0.0	1.97	3.37	2.68	0.0	2.17	0.0	0.0	0.0	0.0	2.6	2.88	0.0	3.88	0.37	0.0	3.47	3.63	0.0	0.0	0.0	0.0	2.27	0.0	0.0	0.0	0.0	0.0	3.26	0.0	0.0	3.07	0.0	0.0	0.0	0.0	0.0	5.34	0.0	0.0	0.0	0.0	0.36	0.0	0.0	0.0	0.0	5.88	0.0	0.0	0.0	0.0	0.0	0.0	8.88	0.0	0.0	0.0	0.17	0.0
0.0	0.0	0.92	0.0	0.0	2.61	0.0	2.11	0.0	0.0	1.39	0.0	2.23	0.0	0.0	2.52	0.0	0.0	0.6	1.05	0.0	0.0	0.08	0.0	0.0	3.53	0.0	2.75	0.0	0.0	2.06	3.35	2.62	0.0	2.14	0.0	0.0	0.0	0.0	2.55	3.08	0.0	3.54	0.34	0.0	3.82	3.23	0.0	0.0	0.0	0.0	2.07	0.0	0.0	0.0	0.0	0.0	3.17	0.0	0.0	3.33	0.0	0.0	0.0	0.0	0.0	4.92	0.0	0.0	0.0	0.0	0.33	0.0	0.0	0.0	0.0	5.76	0.0	0.0	0.0	0.0	0.0	0.0	8.48	0.0	0.0	0.0	0.16	0.0
0.0	0.0	0.95	0.0	0.0	2.91	0.0	2.29	0.0	0.0	1.38	0.0	2.17	0.0	0.0	2.57	0.0	0.0	0.59	1.09	0.0	0.0	0.08	0.0	0.0	3.64	0.0	2.86	0.0	0.0	1.94	3.54	2.84	0.0	1.99	0.0	0.0	0.0	0.0	2.62	3.15	0.0	3.53	0.36	0.0	3.99	3.12	0.0	0.0	0.0	0.0	1.98	0.0	0.0	0.0	0.0	0.0	3.1	0.0	0.0	3.08	0.0	0.0	0.0	0.0	0.0	4.69	0.0	0.0	0.0	0.0	0.36	0.0	0.0	0.0	0.0	5.9	0.0	0.0	0.0	0.0	0.0	0.0	8.27	0.0	0.0	0.0	0.16	0.0
0.0	0.0	0.98	0.0	0.0	2.85	0.0	2.48	0.0	0.0	1.48	0.0	2.24	0.0	0.0	2.6	0.0	0.0	0.59	1.16	0.0	0.0	0.08	0.0	0.0	3.47	0.0	2.75	0.0	0.0	1.82	3.62	2.64	0.0	1.99	0.0	0.0	0.0	0.0	2.67	3.16	0.0	3.9	0.34	0.0	3.92	3.26	0.0	0.0	0.0	0.0	2.08	0.0	0.0	0.0	0.0	0.0	3.35	0.0	0.0	2.92	0.0	0.0	0.0	0.0	0.0	5.29	0.0	0.0	0.0	0.0	0.39	0.0	0.0	0.0	0.0	5.5	0.0	0.0	0.0	0.0	0.0	0.0	8.55	0.0	0.0	0.0	0.17	0.0
0.0	0.0	0.9	0.0	0.0	2.62	0.0	2.44	0.0	0.0	1.42	0.0	2.37	0.0	0.0	2.63	0.0	0.0	0.65	1.11	0.0	0.0	0.09	0.0	0.0	4.17	0.0	2.87	0.0	0.0	2.07	3.76	2.81	0.0	2.39	0.0	0.0	0.0	0.0	2.78	3.28	0.0	4.16	0.36	0.0	4.1	3.47	0.0	0.0	0.0	0.0	2.04	0.0	0.0	0.0	0.0	0.0	3.41	0.0	0.0	2.92	0.0	0.0	0.0	0.0	0.0	4.89	0.0	0.0	0.0	0.0	0.39	0.0	0.0	0.0	0.0	5.93	0.0	0.0	0.0	0.0	0.0	0.0	8.94	0.0	0.0	0.0	0.16	0.0
0.0	0.0	0.92	0.0	0.0	2.99	0.0	2.43	0.0	0.0	1.53	0.0	2.5	0.0	0.0	2.76	0.0	0.0	0.61	1.22	0.0	0.0	0.09	0.0	0.0	3.74	0.0	2.93	0.0	0.0	2.08	3.54	2.77	0.0	2.18	0.0	0.0	0.0	0.0	3.02	3.68	0.0	3.92	0.37	0.0	4.32	3.64	0.0	0.0	0.0	0.0	2.08	0.0	0.0	0.0	0.0	0.0	3.41	0.0	0.0	3.46	0.0	0.0	0.0	0.0	0.0	5.9	0.0	0.0	0.0	0.0	0.38	0.0	0.0	0.0	0.0	6.36	0.0	0.0	0.0	0.0	0.0	0.0	8.74	0.0	0.0	0.0	0.18	0.0
0.0	0.0	1.01	0.0	0.0	3.15	0.0	2.39	0.0	0.0	1.59	0.0	2.6	0.0	0.0	2.72	0.0	0.0	0.68	1.22	0.0	0.0	0.09	0.0	0.0	4.17	0.0	2.96	0.0	0.0	2.08	3.95	3.12	0.0	2.3	0.0	0.0	0.0	0.0	3.24	3.37	0.0	3.91	0.38	0.0	3.87	3.78	0.0	0.0	0.0	0.0	2.55	0.0	0.0	0.0	0.0	0.0	3.71	0.0	0.0	3.15	0.0	0.0	0.0	0.0	0.0	5.35	0.0	0.0	0.0	0.0	0.41	0.0	0.0	0.0	0.0	6.41	0.0	0.0	0.0	0.0	0.0	0.0	8.89	0.0	0.0	0.0	0.17	0.0
0.0	0.0	1.04	0.0	0.0	3.19	0.0	2.48	0.0	0.0	1.56	0.0	2.35	0.0	0.0	2.67	0.0	0.0	0.6	1.28	0.0	0.0	0.09	0.0	0.0	3.79	0.0	3.32	0.0	0.0	2.04	3.71	3.03	0.0	2.43	0.0	0.0	0.0	0.0	3.17	3.38	0.0	4.54	0.38	0.0	4.43	3.79	0.0	0.0	0.0	0.0	2.42	0.0	0.0	0.0	0.0	0.0	3.72	0.0	0.0	3.24	0.0	0.0	0.0	0.0	0.0	5.47	0.0	0.0	0.0	0.0	0.41	0.0	0.0	0.0	0.0	5.61	0.0	0.0	0.0	0.0	0.0	0.0	9.18	0.0	0.0	0.0	0.19	0.0
0.0	0.0	0.95	0.0	0.0	2.94	0.0	2.44	0.0	0.0	1.47	0.0	2.43	0.0	0.0	2.96	0.0	0.0	0.71	1.2	0.0	0.0	0.09	0.0	0.0	4.29	0.0	3.25	0.0	0.0	2.1	3.46	2.86	0.0	2.39	0.0	0.0	0.0	0.0	2.67	3.56	0.0	3.67	0.41	0.0	4.52	3.85	0.0	0.0	0.0	0.0	2.24	0.0	0.0	0.0	0.0	0.0	3.61	0.0	0.0	3.25	0.0	0.0	0.0	0.0	0.0	5.66	0.0	0.0	0.0	0.0	0.39	0.0	0.0	0.0	0.0	6.76	0.0	0.0	0.0	0.0	0.0	0.0	9.03	0.0	0.0	0.0	0.17	0.0
0.0	0.0	1.02	0.0	0.0	2.88	0.0	2.49	0.0	0.0	1.58	0.0	2.45	0.0	0.0	2.61	0.0	0.0	0.64	1.19	0.0	0.0	0.08	0.0	0.0	4.01	0.0	2.7	0.0	0.0	2.0	3.69	3.13	0.0	2.24	0.0	0.0	0.0	0.0	2.86	3.37	0.0	4.1	0.38	0.0	4.28	3.72	0.0	0.0	0.0	0.0	2.14	0.0	0.0	0.0	0.0	0.0	3.33	0.0	0.0	3.11	0.0	0.0	0.0	0.0	0.0	4.77	0.0	0.0	0.0	0.0	0.42	0.0	0.0	0.0	0.0	6.22	0.0	0.0	0.0	0.0	0.0	0.0	8.97	0.0	0.0	0.0	0.19	0.0
0.0	0.0	0.91	0.0	0.0	2.87	0.0	2.35	0.0	0.0	1.35	0.0	2.32	0.0	0.0	2.67	0.0	0.0	0.63	1.06	0.0	0.0	0.08	0.0	0.0	3.98	0.0	3.29	0.0	0.0	2.13	3.71	2.92	0.0	2.12	0.0	0.0	0.0	0.0	2.79	3.07	0.0	3.67	0.37	0.0	4.19	3.84	0.0	0.0	0.0	0.0	2.14	0.0	0.0	0.0	0.0	0.0	3.54	0.0	0.0	3.28	0.0	0.0	0.0	0.0	0.0	5.92	0.0	0.0	0.0	0.0	0.4	0.0	0.0	0.0	0.0	6.68	0.0	0.0	0.0	0.0	0.0	0.0	8.93	0.0	0.0	0.0	0.17	0.0
0.0	0.0	0.92	0.0	0.0	2.94	0.0	2.41	0.0	0.0	1.39	0.0	2.41	0.0	0.0	2.39	0.0	0.0	0.6	1.18	0.0	0.0	0.09	0.0	0.0	3.74	0.0	2.87	0.0	0.0	1.98	3.73	2.82	0.0	2.27	0.0	0.0	0.0	0.0	2.99	3.52	0.0	3.89	0.38	0.0	4.06	3.27	0.0	0.0	0.0	0.0	2.02	0.0	0.0	0.0	0.0	0.0	3.32	0.0	0.0	3.37	0.0	0.0	0.0	0.0	0.0	5.55	0.0	0.0	0.0	0.0	0.42	0.0	0.0	0.0	0.0	6.44	0.0	0.0	0.0	0.0	0.0	0.0	10.01	0.0	0.0	0.0	0.19	0.0
0.0	0.0	0.99	0.0	0.0	2.83	0.0	2.46	0.0	0.0	1.56	0.0	2.34	0.0	0.0	2.78	0.0	0.0	0.65	1.1	0.0	0.0	0.09	0.0	0.0	4.22	0.0	3.0	0.0	0.0	1.93	3.41	2.83	0.0	2.28	0.0	0.0	0.0	0.0	2.91	3.07	0.0	4.08	0.36	0.0	4.14	3.56	0.0	0.0	0.0	0.0	2.27	0.0	0.0	0.0	0.0	0.0	3.43	0.0	0.0	3.33	0.0	0.0	0.0	0.0	0.0	5.1	0.0	0.0	0.0	0.0	0.39	0.0	0.0	0.0	0.0	6.15	0.0	0.0	0.0	0.0	0.0	0.0	8.09	0.0	0.0	0.0	0.19	0.0
0.0	0.0	1.01	0.0	0.0	2.83	0.0	2.34	0.0	0.0	1.64	0.0	2.38	0.0	0.0	2.64	0.0	0.0	0.57	1.2	0.0	0.0	0.09	0.0	0.0	3.93	0.0	2.96	0.0	0.0	2.17	4.06	2.85	0.0	2.16	0.0	0.0	0.0	0.0	2.84	3.3	0.0	4.08	0.38	0.0	4.32	3.06	0.0	0.0	0.0	0.0	2.03	0.0	0.0	0.0	0.0	0.0	3.48	0.0	0.0	3.46	0.0	0.0	0.0	0.0	0.0	5.42	0.0	0.0	0.0	0.0	0.4	0.0	0.0	0.0	0.0	5.96	0.0	0.0	0.0	0.0	0.0	0.0	9.06	0.0	0.0	0.0	0.19	0.0
0.0	0.0	0.88	0.0	0.0	2.81	0.0	2.51	0.0	0.0	1.47	0.0	2.34	0.0	0.0	2.72	0.0	0.0	0.62	1.18	0.0	0.0	0.09	0.0	0.0	3.99	0.0	3.04	0.0	0.0	2.02	3.57	2.99	0.0	2.21	0.0	0.0	0.0	0.0	2.84	3.38	0.0	3.81	0.38	0.0	3.81	3.6	0.0	0.0	0.0	0.0	2.22	0.0	0.0	0.0	0.0	0.0	3.53	0.0	0.0	3.29	0.0	0.0	0.0	0.0	0.0	5.37	0.0	0.0	0.0	0.0	0.41	0.0	0.0	0.0	0.0	6.29	0.0	0.0	0.0	0.0	0.0	0.0	9.4	0.0	0.0	0.0	0.17	0.0
0.0	0.0	1.08	0.0	0.0	3.22	0.0	2.45	0.0	0.0	1.5	0.0	2.73	0.0	0.0	2.99	0.0	0.0	0.66	1.2	0.0	0.0	0.09	0.0	0.0	4.31	0.0	3.21	0.0	0.0	2.03	3.86	2.79	0.0	2.57	0.0	0.0	0.0	0.0	2.88	3.22	0.0	4.16	0.37	0.0	4.31	3.44	0.0	0.0	0.0	0.0	2.21	0.0	0.0	0.0	0.0	0.0	3.62	0.0	0.0	3.3	0.0	0.0	0.0	0.0	0.0	5.05	0.0	0.0	0.0	0.0	0.38	0.0	0.0	0.0	0.0	6.59	0.0	0.0	0.0	0.0	0.0	0.0	10.45	0.0	0.0	0.0	0.18	0.0
0.0	0.0	1.08	0.0	0.0	3.18	0.0	2.61	0.0	0.0	1.54	0.0	2.6	0.0	0.0	3.02	0.0	0.0	0.73	1.24	0.0	0.0	0.09	0.0	0.0	4.15	0.0	3.22	0.0	0.0	2.14	4.16	3.09	0.0	2.26	0.0	0.0	0.0	0.0	3.17	3.59	0.0	3.94	0.39	0.0	4.24	3.6	0.0	0.0	0.0	0.0	2.52	0.0	0.0	0.0	0.0	0.0	3.66	0.0	0.0	3.46	0.0	0.0	0.0	0.0	0.0	5.84	0.0	0.0	0.0	0.0	0.42	0.0	0.0	0.0	0.0	7.28	0.0	0.0	0.0	0.0	0.0	0.0	10.37	0.0	0.0	0.0	0.19	0.0
0.0	0.0	1.06	0.0	0.0	3.25	0.0	2.64	0.0	0.0	1.74	0.0	2.5	0.0	0.0	2.81	0.0	0.0	0.67	1.27	0.0	0.0	0.1	0.0	0.0	4.41	0.0	3.31	0.0	0.0	2.21	4.26	3.13	0.0	2.48	0.0	0.0	0.0	0.0	3.31	3.53	0.0	4.47	0.43	0.0	4.08	3.95	0.0	0.0	0.0	0.0	2.58	0.0	0.0	0.0	0.0	0.0	4.19	0.0	0.0	3.41	0.0	0.0	0.0	0.0	0.0	5.89	0.0	0.0	0.0	0.0	0.42	0.0	0.0	0.0	0.0	7.2	0.0	0.0	0.0	0.0	0.0	0.0	11.03	0.0	0.0	0.0	0.2	0.0
0.0	0.0	1.01	0.0	0.0	3.47	0.0	2.51	0.0	0.0	1.51	0.0	2.54	0.0	0.0	3.24	0.0	0.0	0.63	1.26	0.0	0.0	0.1	0.0	0.0	4.19	0.0	3.2	0.0	0.0	2.09	4.34	3.11	0.0	2.61	0.0	0.0	0.0	0.0	3.32	3.54	0.0	4.29	0.43	0.0	4.48	4.1	0.0	0.0	0.0	0.0	2.42	0.0	0.0	0.0	0.0	0.0	4.0	0.0	0.0	3.55	0.0	0.0	0.0	0.0	0.0	5.95	0.0	0.0	0.0	0.0	0.41	0.0	0.0	0.0	0.0	6.63	0.0	0.0	0.0	0.0	0.0	0.0	9.83	0.0	0.0	0.0	0.2	0.0
0.0	0.0	0.97	0.0	0.0	2.9	0.0	2.75	0.0	0.0	1.71	0.0	2.63	0.0	0.0	2.86	0.0	0.0	0.71	1.17	0.0	0.0	0.08	0.0	0.0	4.23	0.0	3.33	0.0	0.0	2.36	3.98	3.22	0.0	2.37	0.0	0.0	0.0	0.0	3.31	3.8	0.0	3.6	0.43	0.0	4.24	3.54	0.0	0.0	0.0	0.0	2.29	0.0	0.0	0.0	0.0	0.0	4.03	0.0	0.0	3.59	0.0	0.0	0.0	0.0	0.0	5.6	0.0	0.0	0.0	0.0	0.44	0.0	0.0	0.0	0.0	7.22	0.0	0.0	0.0	0.0	0.0	0.0	9.65	0.0	0.0	0.0	0.2	0.0
0.0	0.0	0.91	0.0	0.0	3.07	0.0	2.66	0.0	0.0	1.59	0.0	2.4	0.0	0.0	2.6	0.0	0.0	0.59	1.23	0.0	0.0	0.08	0.0	0.0	4.15	0.0	3.58	0.0	0.0	1.92	3.86	2.95	0.0	2.55	0.0	0.0	0.0	0.0	3.14	3.37	0.0	3.8	0.4	0.0	4.58	3.83	0.0	0.0	0.0	0.0	2.48	0.0	0.0	0.0	0.0	0.0	3.75	0.0	0.0	3.44	0.0	0.0	0.0	0.0	0.0	5.98	0.0	0.0	0.0	0.0	0.4	0.0	0.0	0.0	0.0	6.99	0.0	0.0	0.0	0.0	0.0	0.0	10.35	0.0	0.0	0.0	0.18	0.0
